100
2 1
839 51
930 46
508 54
875 93
2 96
908 56
2 98
109 76
13 37
779 34
824 54
582 60
1000 95
264 31
807 16
758 85
446 2
494 92
387 98
1000 97
115 64
2 2
522 40
906 56
816 86
924 39
565 89
1000 98
440 28
103 5
355 11
786 52
245 99
372 41
635 54
642 34
958 86
2 5
865 5
462 18
2 99
1000 1
793 69
397 40
140 74
270 26
915 30
1000 2
254 30
451 5
808 71
312 23
373 46
537 11
712 1
81 39
124 68
453 71
1000 4
2 4
320 75
2 50
551 71
108 30
173 90
838 46
555 27
2 3
424 35
1000 3
871 75
398 61
1000 99
977 44
656 95
3 10
383 4
894 97
289 48
885 57
125 51
285 29
665 37
2 97
1000 5
755 11
950 95
500 44
30 46
492 78
728 33
978 10
918 38
2 95
171 6
289 65
1000 96
226 22
580 93
